%YAML:1.0

dataset_name: nya_01

image_topic:  "/left/image_raw"

model_type:   PINHOLE
camera_name:  camera
image_width:  752
image_height: 480

distortion_model: radial-tangential
distortion_parameters:
   k1: -0.288105327549552
   k2:  0.074578284234601
   p1:  7.784489598138802e-04
   p2: -2.277853975035461e-04
projection_parameters:
   fx: 4.250258563372763e+02
   fy: 4.267976260903337e+02
   cx: 3.860151866550880e+02
   cy: 2.419130336743440e+02

T_Body_Cam: !!opencv-matrix
   rows: 4
   cols: 4
   dt: d
   data: [ 0.02183084, -0.01312053,  0.99967558,  0.00552943,
           0.99975965,  0.00230088, -0.02180248, -0.12431302,
          -0.00201407,  0.99991127,  0.01316761,  0.01614686, 
           0.00000000,  0.00000000,  0.00000000,  1.00000000 ]
# ROS tf equivalence:
# <node pkg="tf2_ros" type="static_transform_publisher"
#       name="T_Body_Cam"
#       args="1.5489637080882 0.0020140713619 1.5576283094788
#             0.00552943 -0.12431302 0.01614686 Body Cam"/>

# Estimated by Kalibr https://github.com/ethz-asl/kalibr
t_shift: -0.0199575325817   # t_imu = t_cam + t_shift