%YAML:1.0

dataset_name: nya_01

image_topic: "/right/image_raw"

model_type:   PINHOLE
camera_name:  camera
image_width:  752
image_height: 480

distortion_model: radial-tangential
distortion_parameters:
   k1: -0.300267420221178
   k2:  0.090544063693053
   p1:  3.330220891093334e-05
   p2:  8.989607188457415e-05
projection_parameters:
   fx: 4.313364265799752e+02
   fy: 4.327527965378035e+02
   cx: 3.548956286992647e+02
   cy: 2.325508916495161e+02

T_Body_Cam: !!opencv-matrix
   rows: 4
   cols: 4
   dt: d
   data: [-0.01916508, -0.01496218,  0.99970437,  0.00519443,
           0.99974371,  0.01176483,  0.01934191,  0.1347802,
          -0.01205075,  0.99981884,  0.01473287,  0.01465067,
           0.00000000,  0.00000000,  0.00000000,  1.00000000 ]
# ROS tf equivalence:
# <node pkg="tf2_ros" type="static_transform_publisher"
#       name="T_Body_Cam"
#       args="1.5899639721385 0.0120510416491 1.5560618537049
#             0.00519443 0.1347802 0.01465067 Body Cam"/>

# Estimated by Kalibr https://github.com/ethz-asl/kalibr
t_shift: -0.0202463834234   # t_imu = t_cam + t_shift